phase,fold,model_name,stage,group,run_id,p_number,dataset_role,actual_bike,pred_bike,pred_confidence,n_windows,proba_FAT,proba_ISY,proba_MTB,is_correct
leave_one_group_out_cv,G01,bike_type_ffnn_stage1_s42_signal_compact_pca6_tanh_h6_a1,stage1,G01,G01_FAT_P1,P1,training_pool,FAT,FAT,0.6113930936964705,14,0.6113930936964705,0.24904159591163852,0.13956531039189093,True
leave_one_group_out_cv,G01,bike_type_ffnn_stage1_s42_signal_compact_pca6_tanh_h6_a1,stage1,G01,G01_FAT_P2,P2,training_pool,FAT,FAT,0.46483732679666284,14,0.46483732679666284,0.4225834880267421,0.11257918517659496,True
leave_one_group_out_cv,G01,bike_type_ffnn_stage1_s42_signal_compact_pca6_tanh_h6_a1,stage1,G01,G01_FAT_P3,P3,training_pool,FAT,FAT,0.5257838083975878,11,0.5257838083975878,0.11477663442336393,0.35943955717904835,True
leave_one_group_out_cv,G01,bike_type_ffnn_stage1_s42_signal_compact_pca6_tanh_h6_a1,stage1,G01,G01_FAT_P4,P4,training_pool,FAT,FAT,0.6216584114621017,12,0.6216584114621017,0.20811491035291418,0.1702266781849842,True
leave_one_group_out_cv,G01,bike_type_ffnn_stage1_s42_signal_compact_pca6_tanh_h6_a1,stage1,G01,G01_ISY_P1,P1,training_pool,ISY,ISY,0.7384221669998374,16,0.25097336133166154,0.7384221669998374,0.010604471668501097,True
leave_one_group_out_cv,G01,bike_type_ffnn_stage1_s42_signal_compact_pca6_tanh_h6_a1,stage1,G01,G01_ISY_P2,P2,training_pool,ISY,ISY,0.5920520046634065,14,0.20982796530303813,0.5920520046634065,0.19812003003355544,True
leave_one_group_out_cv,G01,bike_type_ffnn_stage1_s42_signal_compact_pca6_tanh_h6_a1,stage1,G01,G01_ISY_P3,P3,training_pool,ISY,ISY,0.5699600722632678,12,0.22737661103342535,0.5699600722632678,0.2026633167033068,True
leave_one_group_out_cv,G01,bike_type_ffnn_stage1_s42_signal_compact_pca6_tanh_h6_a1,stage1,G01,G01_ISY_P4,P4,training_pool,ISY,ISY,0.6472309080829023,11,0.32086732153052755,0.6472309080829023,0.03190177038656993,True
leave_one_group_out_cv,G01,bike_type_ffnn_stage1_s42_signal_compact_pca6_tanh_h6_a1,stage1,G01,G01_MTB_P1,P1,training_pool,MTB,MTB,0.5280945061644083,14,0.24549908179819394,0.22640641203739767,0.5280945061644083,True
leave_one_group_out_cv,G01,bike_type_ffnn_stage1_s42_signal_compact_pca6_tanh_h6_a1,stage1,G01,G01_MTB_P2,P2,training_pool,MTB,MTB,0.5209509303856866,13,0.2641551812445325,0.21489388836978085,0.5209509303856866,True
leave_one_group_out_cv,G01,bike_type_ffnn_stage1_s42_signal_compact_pca6_tanh_h6_a1,stage1,G01,G01_MTB_P3,P3,training_pool,MTB,MTB,0.7929461870868733,12,0.15400427693311006,0.053049535980016625,0.7929461870868733,True
leave_one_group_out_cv,G01,bike_type_ffnn_stage1_s42_signal_compact_pca6_tanh_h6_a1,stage1,G01,G01_MTB_P4,P4,training_pool,MTB,MTB,0.530687630939398,9,0.32582449763077614,0.14348787142982586,0.530687630939398,True
leave_one_group_out_cv,G02,bike_type_ffnn_stage1_s42_signal_compact_pca6_tanh_h6_a1,stage1,G02,G02_FAT_P1,P1,training_pool,FAT,FAT,0.4965588230072626,9,0.4965588230072626,0.14444983559923388,0.3589913413935036,True
leave_one_group_out_cv,G02,bike_type_ffnn_stage1_s42_signal_compact_pca6_tanh_h6_a1,stage1,G02,G02_FAT_P2,P2,training_pool,FAT,FAT,0.5274195507575831,11,0.5274195507575831,0.181944811498893,0.29063563774352397,True
leave_one_group_out_cv,G02,bike_type_ffnn_stage1_s42_signal_compact_pca6_tanh_h6_a1,stage1,G02,G02_FAT_P3,P3,training_pool,FAT,FAT,0.4670970660659393,12,0.4670970660659393,0.15094765392243276,0.3819552800116281,True
leave_one_group_out_cv,G02,bike_type_ffnn_stage1_s42_signal_compact_pca6_tanh_h6_a1,stage1,G02,G02_FAT_P4,P4,training_pool,FAT,FAT,0.6689459832247775,12,0.6689459832247775,0.21066570142583152,0.12038831534939103,True
leave_one_group_out_cv,G02,bike_type_ffnn_stage1_s42_signal_compact_pca6_tanh_h6_a1,stage1,G02,G02_ISY_P1,P1,training_pool,ISY,FAT,0.6466688879375918,13,0.6466688879375918,0.32672465817764984,0.02660645388475841,False
leave_one_group_out_cv,G02,bike_type_ffnn_stage1_s42_signal_compact_pca6_tanh_h6_a1,stage1,G02,G02_ISY_P2,P2,training_pool,ISY,ISY,0.7488971846941808,12,0.09859904671403709,0.7488971846941808,0.15250376859178225,True
leave_one_group_out_cv,G02,bike_type_ffnn_stage1_s42_signal_compact_pca6_tanh_h6_a1,stage1,G02,G02_ISY_P3,P3,training_pool,ISY,ISY,0.7051713065138768,10,0.10459782423450323,0.7051713065138768,0.19023086925162,True
leave_one_group_out_cv,G02,bike_type_ffnn_stage1_s42_signal_compact_pca6_tanh_h6_a1,stage1,G02,G02_ISY_P4,P4,training_pool,ISY,ISY,0.7622411858195819,11,0.19395895611969863,0.7622411858195819,0.043799858060719524,True
leave_one_group_out_cv,G02,bike_type_ffnn_stage1_s42_signal_compact_pca6_tanh_h6_a1,stage1,G02,G02_MTB_P1,P1,training_pool,MTB,MTB,0.7807227450597202,10,0.11088366649121491,0.10839358844906492,0.7807227450597202,True
leave_one_group_out_cv,G02,bike_type_ffnn_stage1_s42_signal_compact_pca6_tanh_h6_a1,stage1,G02,G02_MTB_P2,P2,training_pool,MTB,MTB,0.6837072789279642,11,0.18490694766545773,0.1313857734065781,0.6837072789279642,True
leave_one_group_out_cv,G02,bike_type_ffnn_stage1_s42_signal_compact_pca6_tanh_h6_a1,stage1,G02,G02_MTB_P3,P3,training_pool,MTB,MTB,0.6183678958497274,9,0.2289780264434515,0.152654077706821,0.6183678958497274,True
leave_one_group_out_cv,G02,bike_type_ffnn_stage1_s42_signal_compact_pca6_tanh_h6_a1,stage1,G02,G02_MTB_P4,P4,training_pool,MTB,MTB,0.590205029230152,10,0.2872827521761747,0.12251221859367337,0.590205029230152,True
leave_one_group_out_cv,G03,bike_type_ffnn_stage1_s42_signal_compact_pca6_tanh_h6_a1,stage1,G03,G03_FAT_P1,P1,training_pool,FAT,FAT,0.7334203259570894,16,0.7334203259570894,0.1329561455598599,0.1336235284830507,True
leave_one_group_out_cv,G03,bike_type_ffnn_stage1_s42_signal_compact_pca6_tanh_h6_a1,stage1,G03,G03_FAT_P2,P2,training_pool,FAT,FAT,0.7269674686906417,14,0.7269674686906417,0.23735893780585693,0.035673593503501445,True
leave_one_group_out_cv,G03,bike_type_ffnn_stage1_s42_signal_compact_pca6_tanh_h6_a1,stage1,G03,G03_FAT_P3,P3,training_pool,FAT,FAT,0.6996606389599632,11,0.6996606389599632,0.18845395886729552,0.1118854021727413,True
leave_one_group_out_cv,G03,bike_type_ffnn_stage1_s42_signal_compact_pca6_tanh_h6_a1,stage1,G03,G03_FAT_P4,P4,training_pool,FAT,FAT,0.6027710875689795,12,0.6027710875689795,0.23412800588768776,0.16310090654333267,True
leave_one_group_out_cv,G03,bike_type_ffnn_stage1_s42_signal_compact_pca6_tanh_h6_a1,stage1,G03,G03_ISY_P1,P1,training_pool,ISY,ISY,0.495179426483883,15,0.4235377659726582,0.495179426483883,0.0812828075434588,True
leave_one_group_out_cv,G03,bike_type_ffnn_stage1_s42_signal_compact_pca6_tanh_h6_a1,stage1,G03,G03_ISY_P2,P2,training_pool,ISY,ISY,0.47238156810646814,15,0.28213266339343535,0.47238156810646814,0.24548576850009643,True
leave_one_group_out_cv,G03,bike_type_ffnn_stage1_s42_signal_compact_pca6_tanh_h6_a1,stage1,G03,G03_ISY_P3,P3,training_pool,ISY,ISY,0.791708218268422,10,0.1647237440213445,0.791708218268422,0.04356803771023361,True
leave_one_group_out_cv,G03,bike_type_ffnn_stage1_s42_signal_compact_pca6_tanh_h6_a1,stage1,G03,G03_ISY_P4,P4,training_pool,ISY,ISY,0.7302275255083677,10,0.23627503264998495,0.7302275255083677,0.03349744184164734,True
leave_one_group_out_cv,G03,bike_type_ffnn_stage1_s42_signal_compact_pca6_tanh_h6_a1,stage1,G03,G03_MTB_P1,P1,training_pool,MTB,MTB,0.5235109983304455,14,0.26262668679254825,0.21386231487700633,0.5235109983304455,True
leave_one_group_out_cv,G03,bike_type_ffnn_stage1_s42_signal_compact_pca6_tanh_h6_a1,stage1,G03,G03_MTB_P2,P2,training_pool,MTB,FAT,0.4458614582790983,13,0.4458614582790983,0.12590028813859352,0.42823825358230816,False
leave_one_group_out_cv,G03,bike_type_ffnn_stage1_s42_signal_compact_pca6_tanh_h6_a1,stage1,G03,G03_MTB_P3,P3,training_pool,MTB,MTB,0.8029658814012947,8,0.11018710796879262,0.08684701062991276,0.8029658814012947,True
leave_one_group_out_cv,G03,bike_type_ffnn_stage1_s42_signal_compact_pca6_tanh_h6_a1,stage1,G03,G03_MTB_P4,P4,training_pool,MTB,FAT,0.4844563391698735,11,0.4844563391698735,0.13365696252679235,0.38188669830333416,False
leave_one_group_out_cv,G04,bike_type_ffnn_stage1_s42_signal_compact_pca6_tanh_h6_a1,stage1,G04,G04_FAT_P1,P1,training_pool,FAT,ISY,0.669838476998203,13,0.23765618622464554,0.669838476998203,0.09250533677715149,False
leave_one_group_out_cv,G04,bike_type_ffnn_stage1_s42_signal_compact_pca6_tanh_h6_a1,stage1,G04,G04_FAT_P2,P2,training_pool,FAT,FAT,0.5195304816805507,13,0.5195304816805507,0.2507722137595937,0.22969730455985563,True
leave_one_group_out_cv,G04,bike_type_ffnn_stage1_s42_signal_compact_pca6_tanh_h6_a1,stage1,G04,G04_FAT_P3,P3,training_pool,FAT,FAT,0.403945513667811,12,0.403945513667811,0.26517940237918974,0.3308750839529992,True
leave_one_group_out_cv,G04,bike_type_ffnn_stage1_s42_signal_compact_pca6_tanh_h6_a1,stage1,G04,G04_FAT_P4,P4,training_pool,FAT,FAT,0.5486553050707339,14,0.5486553050707339,0.35373671153856157,0.09760798339070453,True
leave_one_group_out_cv,G04,bike_type_ffnn_stage1_s42_signal_compact_pca6_tanh_h6_a1,stage1,G04,G04_ISY_P1,P1,training_pool,ISY,ISY,0.6734655518204808,14,0.26757249119737864,0.6734655518204808,0.05896195698214046,True
leave_one_group_out_cv,G04,bike_type_ffnn_stage1_s42_signal_compact_pca6_tanh_h6_a1,stage1,G04,G04_ISY_P2,P2,training_pool,ISY,ISY,0.7271333741552447,13,0.08830566293498283,0.7271333741552447,0.18456096290977234,True
leave_one_group_out_cv,G04,bike_type_ffnn_stage1_s42_signal_compact_pca6_tanh_h6_a1,stage1,G04,G04_ISY_P3,P3,training_pool,ISY,ISY,0.48867000432359875,12,0.17786328304028343,0.48867000432359875,0.3334667126361179,True
leave_one_group_out_cv,G04,bike_type_ffnn_stage1_s42_signal_compact_pca6_tanh_h6_a1,stage1,G04,G04_ISY_P4,P4,training_pool,ISY,ISY,0.7617480331752945,11,0.2165985654704751,0.7617480331752945,0.021653401354230366,True
leave_one_group_out_cv,G04,bike_type_ffnn_stage1_s42_signal_compact_pca6_tanh_h6_a1,stage1,G04,G04_MTB_P1,P1,training_pool,MTB,MTB,0.8205294439217475,12,0.11958006029171014,0.05989049578654231,0.8205294439217475,True
leave_one_group_out_cv,G04,bike_type_ffnn_stage1_s42_signal_compact_pca6_tanh_h6_a1,stage1,G04,G04_MTB_P2,P2,training_pool,MTB,MTB,0.6321777167887126,13,0.2677478348707937,0.10007444834049362,0.6321777167887126,True
leave_one_group_out_cv,G04,bike_type_ffnn_stage1_s42_signal_compact_pca6_tanh_h6_a1,stage1,G04,G04_MTB_P3,P3,training_pool,MTB,MTB,0.8367941615214209,11,0.0901693925086085,0.07303644596997061,0.8367941615214209,True
leave_one_group_out_cv,G04,bike_type_ffnn_stage1_s42_signal_compact_pca6_tanh_h6_a1,stage1,G04,G04_MTB_P4,P4,training_pool,MTB,MTB,0.7849768787792274,12,0.12928269542856133,0.08574042579221137,0.7849768787792274,True
leave_one_group_out_cv,G05,bike_type_ffnn_stage1_s42_signal_compact_pca6_tanh_h6_a1,stage1,G05,G05_FAT_P1,P1,training_pool,FAT,FAT,0.5343328367220795,10,0.5343328367220795,0.36288248248482546,0.10278468079309488,True
leave_one_group_out_cv,G05,bike_type_ffnn_stage1_s42_signal_compact_pca6_tanh_h6_a1,stage1,G05,G05_FAT_P2,P2,training_pool,FAT,FAT,0.4292621999098465,13,0.4292621999098465,0.1760003004771666,0.39473749961298693,True
leave_one_group_out_cv,G05,bike_type_ffnn_stage1_s42_signal_compact_pca6_tanh_h6_a1,stage1,G05,G05_FAT_P3,P3,training_pool,FAT,FAT,0.5681108410727015,12,0.5681108410727015,0.32758359593997327,0.10430556298732524,True
leave_one_group_out_cv,G05,bike_type_ffnn_stage1_s42_signal_compact_pca6_tanh_h6_a1,stage1,G05,G05_FAT_P4,P4,training_pool,FAT,FAT,0.5657379564518612,12,0.5657379564518612,0.15721843325725476,0.2770436102908839,True
leave_one_group_out_cv,G05,bike_type_ffnn_stage1_s42_signal_compact_pca6_tanh_h6_a1,stage1,G05,G05_ISY_P1,P1,training_pool,ISY,ISY,0.612286072319532,14,0.3225049444763289,0.612286072319532,0.065208983204139,True
leave_one_group_out_cv,G05,bike_type_ffnn_stage1_s42_signal_compact_pca6_tanh_h6_a1,stage1,G05,G05_ISY_P2,P2,training_pool,ISY,ISY,0.8120306016843568,13,0.12831977184180976,0.8120306016843568,0.0596496264738334,True
leave_one_group_out_cv,G05,bike_type_ffnn_stage1_s42_signal_compact_pca6_tanh_h6_a1,stage1,G05,G05_ISY_P3,P3,training_pool,ISY,ISY,0.7352552935110447,12,0.16735898192397933,0.7352552935110447,0.09738572456497592,True
leave_one_group_out_cv,G05,bike_type_ffnn_stage1_s42_signal_compact_pca6_tanh_h6_a1,stage1,G05,G05_ISY_P4,P4,training_pool,ISY,ISY,0.5280178232314977,9,0.3804239122103612,0.5280178232314977,0.09155826455814127,True
leave_one_group_out_cv,G05,bike_type_ffnn_stage1_s42_signal_compact_pca6_tanh_h6_a1,stage1,G05,G05_MTB_P1,P1,training_pool,MTB,MTB,0.8504993068235054,12,0.12942683242745331,0.02007386074904129,0.8504993068235054,True
leave_one_group_out_cv,G05,bike_type_ffnn_stage1_s42_signal_compact_pca6_tanh_h6_a1,stage1,G05,G05_MTB_P2,P2,training_pool,MTB,MTB,0.6436846474007306,12,0.28729668325974017,0.06901866933952931,0.6436846474007306,True
leave_one_group_out_cv,G05,bike_type_ffnn_stage1_s42_signal_compact_pca6_tanh_h6_a1,stage1,G05,G05_MTB_P3,P3,training_pool,MTB,MTB,0.8792718163273452,10,0.08634642632159259,0.034381757351062095,0.8792718163273452,True
leave_one_group_out_cv,G05,bike_type_ffnn_stage1_s42_signal_compact_pca6_tanh_h6_a1,stage1,G05,G05_MTB_P4,P4,training_pool,MTB,MTB,0.7364969602170865,11,0.18631606202574022,0.07718697775717341,0.7364969602170865,True
leave_one_group_out_cv,G06,bike_type_ffnn_stage1_s42_signal_compact_pca6_tanh_h6_a1,stage1,G06,G06_FAT_P1,P1,training_pool,FAT,ISY,0.47639572877738406,15,0.4718536668846918,0.47639572877738406,0.05175060433792401,False
leave_one_group_out_cv,G06,bike_type_ffnn_stage1_s42_signal_compact_pca6_tanh_h6_a1,stage1,G06,G06_FAT_P2,P2,training_pool,FAT,FAT,0.5373174164787827,15,0.5373174164787827,0.2806878608878846,0.1819947226333326,True
leave_one_group_out_cv,G06,bike_type_ffnn_stage1_s42_signal_compact_pca6_tanh_h6_a1,stage1,G06,G06_FAT_P3,P3,training_pool,FAT,FAT,0.4134466224304611,13,0.4134466224304611,0.2406250814909292,0.34592829607860964,True
leave_one_group_out_cv,G06,bike_type_ffnn_stage1_s42_signal_compact_pca6_tanh_h6_a1,stage1,G06,G06_FAT_P4,P4,training_pool,FAT,FAT,0.4199742454215962,12,0.4199742454215962,0.23107338336548403,0.34895237121291983,True
leave_one_group_out_cv,G06,bike_type_ffnn_stage1_s42_signal_compact_pca6_tanh_h6_a1,stage1,G06,G06_ISY_P1,P1,training_pool,ISY,ISY,0.5540051870874682,15,0.42704795251695593,0.5540051870874682,0.01894686039557582,True
leave_one_group_out_cv,G06,bike_type_ffnn_stage1_s42_signal_compact_pca6_tanh_h6_a1,stage1,G06,G06_ISY_P2,P2,training_pool,ISY,ISY,0.4262033379354121,15,0.2777171923197344,0.4262033379354121,0.29607946974485355,True
leave_one_group_out_cv,G06,bike_type_ffnn_stage1_s42_signal_compact_pca6_tanh_h6_a1,stage1,G06,G06_ISY_P3,P3,training_pool,ISY,ISY,0.731176597603946,12,0.14537946270401422,0.731176597603946,0.12344393969203983,True
leave_one_group_out_cv,G06,bike_type_ffnn_stage1_s42_signal_compact_pca6_tanh_h6_a1,stage1,G06,G06_ISY_P4,P4,training_pool,ISY,ISY,0.7309700056870176,11,0.20861020091660173,0.7309700056870176,0.06041979339638068,True
leave_one_group_out_cv,G06,bike_type_ffnn_stage1_s42_signal_compact_pca6_tanh_h6_a1,stage1,G06,G06_MTB_P1,P1,training_pool,MTB,MTB,0.8046273093192655,10,0.15563821179385912,0.03973447888687541,0.8046273093192655,True
leave_one_group_out_cv,G06,bike_type_ffnn_stage1_s42_signal_compact_pca6_tanh_h6_a1,stage1,G06,G06_MTB_P2,P2,training_pool,MTB,MTB,0.5247369039480346,13,0.21081644283911338,0.264446653212852,0.5247369039480346,True
leave_one_group_out_cv,G06,bike_type_ffnn_stage1_s42_signal_compact_pca6_tanh_h6_a1,stage1,G06,G06_MTB_P3,P3,training_pool,MTB,MTB,0.8087659973358083,11,0.12125409910296404,0.06997990356122764,0.8087659973358083,True
leave_one_group_out_cv,G06,bike_type_ffnn_stage1_s42_signal_compact_pca6_tanh_h6_a1,stage1,G06,G06_MTB_P4,P4,training_pool,MTB,MTB,0.8121144632896353,10,0.10666933697637852,0.08121619973398624,0.8121144632896353,True
leave_one_group_out_cv,G01,bike_type_ffnn_stage1_s42_signal_compact_pca6_tanh_h8x4_a1,stage1,G01,G01_FAT_P1,P1,training_pool,FAT,FAT,0.6139047150586076,14,0.6139047150586076,0.2599978005951714,0.1260974843462211,True
leave_one_group_out_cv,G01,bike_type_ffnn_stage1_s42_signal_compact_pca6_tanh_h8x4_a1,stage1,G01,G01_FAT_P2,P2,training_pool,FAT,FAT,0.5295471648584199,14,0.5295471648584199,0.3117458322209675,0.15870700292061254,True
leave_one_group_out_cv,G01,bike_type_ffnn_stage1_s42_signal_compact_pca6_tanh_h8x4_a1,stage1,G01,G01_FAT_P3,P3,training_pool,FAT,FAT,0.6024013565065532,11,0.6024013565065532,0.05871908353787724,0.33887955995556956,True
leave_one_group_out_cv,G01,bike_type_ffnn_stage1_s42_signal_compact_pca6_tanh_h8x4_a1,stage1,G01,G01_FAT_P4,P4,training_pool,FAT,FAT,0.5476522606449249,12,0.5476522606449249,0.2515909398674181,0.20075679948765698,True
leave_one_group_out_cv,G01,bike_type_ffnn_stage1_s42_signal_compact_pca6_tanh_h8x4_a1,stage1,G01,G01_ISY_P1,P1,training_pool,ISY,ISY,0.7544344029072799,16,0.21315911470163823,0.7544344029072799,0.032406482391081834,True
leave_one_group_out_cv,G01,bike_type_ffnn_stage1_s42_signal_compact_pca6_tanh_h8x4_a1,stage1,G01,G01_ISY_P2,P2,training_pool,ISY,ISY,0.6125862153148232,14,0.2933320091697724,0.6125862153148232,0.09408177551540449,True
leave_one_group_out_cv,G01,bike_type_ffnn_stage1_s42_signal_compact_pca6_tanh_h8x4_a1,stage1,G01,G01_ISY_P3,P3,training_pool,ISY,ISY,0.6409044810442343,12,0.17188178046761768,0.6409044810442343,0.18721373848814804,True
leave_one_group_out_cv,G01,bike_type_ffnn_stage1_s42_signal_compact_pca6_tanh_h8x4_a1,stage1,G01,G01_ISY_P4,P4,training_pool,ISY,ISY,0.713799606932886,11,0.25919701450729377,0.713799606932886,0.027003378559820303,True
leave_one_group_out_cv,G01,bike_type_ffnn_stage1_s42_signal_compact_pca6_tanh_h8x4_a1,stage1,G01,G01_MTB_P1,P1,training_pool,MTB,MTB,0.5615784712824229,14,0.21704209937904026,0.22137942933853694,0.5615784712824229,True
leave_one_group_out_cv,G01,bike_type_ffnn_stage1_s42_signal_compact_pca6_tanh_h8x4_a1,stage1,G01,G01_MTB_P2,P2,training_pool,MTB,MTB,0.55090541747437,13,0.18516397031545823,0.2639306122101716,0.55090541747437,True
leave_one_group_out_cv,G01,bike_type_ffnn_stage1_s42_signal_compact_pca6_tanh_h8x4_a1,stage1,G01,G01_MTB_P3,P3,training_pool,MTB,MTB,0.7624958325898482,12,0.1578669238361277,0.07963724357402403,0.7624958325898482,True
leave_one_group_out_cv,G01,bike_type_ffnn_stage1_s42_signal_compact_pca6_tanh_h8x4_a1,stage1,G01,G01_MTB_P4,P4,training_pool,MTB,MTB,0.6552368074480055,9,0.26469642269392346,0.08006676985807097,0.6552368074480055,True
leave_one_group_out_cv,G02,bike_type_ffnn_stage1_s42_signal_compact_pca6_tanh_h8x4_a1,stage1,G02,G02_FAT_P1,P1,training_pool,FAT,FAT,0.4917152710302762,9,0.4917152710302762,0.12727893525262454,0.38100579371709936,True
leave_one_group_out_cv,G02,bike_type_ffnn_stage1_s42_signal_compact_pca6_tanh_h8x4_a1,stage1,G02,G02_FAT_P2,P2,training_pool,FAT,FAT,0.5385715416284143,11,0.5385715416284143,0.11247061226742533,0.3489578461041603,True
leave_one_group_out_cv,G02,bike_type_ffnn_stage1_s42_signal_compact_pca6_tanh_h8x4_a1,stage1,G02,G02_FAT_P3,P3,training_pool,FAT,FAT,0.49906659844532303,12,0.49906659844532303,0.14355243740324633,0.35738096415143067,True
leave_one_group_out_cv,G02,bike_type_ffnn_stage1_s42_signal_compact_pca6_tanh_h8x4_a1,stage1,G02,G02_FAT_P4,P4,training_pool,FAT,FAT,0.6659726079309175,12,0.6659726079309175,0.15895132611932944,0.17507606594975303,True
leave_one_group_out_cv,G02,bike_type_ffnn_stage1_s42_signal_compact_pca6_tanh_h8x4_a1,stage1,G02,G02_ISY_P1,P1,training_pool,ISY,FAT,0.5620563989121588,13,0.5620563989121588,0.4119944615698755,0.02594913951796573,False
leave_one_group_out_cv,G02,bike_type_ffnn_stage1_s42_signal_compact_pca6_tanh_h8x4_a1,stage1,G02,G02_ISY_P2,P2,training_pool,ISY,ISY,0.7217637364221335,12,0.12214605849310513,0.7217637364221335,0.1560902050847613,True
leave_one_group_out_cv,G02,bike_type_ffnn_stage1_s42_signal_compact_pca6_tanh_h8x4_a1,stage1,G02,G02_ISY_P3,P3,training_pool,ISY,ISY,0.7169496574953197,10,0.05761036894337853,0.7169496574953197,0.22543997356130174,True
leave_one_group_out_cv,G02,bike_type_ffnn_stage1_s42_signal_compact_pca6_tanh_h8x4_a1,stage1,G02,G02_ISY_P4,P4,training_pool,ISY,ISY,0.7717809562574502,11,0.155856118565606,0.7717809562574502,0.07236292517694387,True
leave_one_group_out_cv,G02,bike_type_ffnn_stage1_s42_signal_compact_pca6_tanh_h8x4_a1,stage1,G02,G02_MTB_P1,P1,training_pool,MTB,MTB,0.7583786391963967,10,0.15805400464014308,0.08356735616346028,0.7583786391963967,True
leave_one_group_out_cv,G02,bike_type_ffnn_stage1_s42_signal_compact_pca6_tanh_h8x4_a1,stage1,G02,G02_MTB_P2,P2,training_pool,MTB,MTB,0.7110618449544229,11,0.16228589306438757,0.12665226198118948,0.7110618449544229,True
leave_one_group_out_cv,G02,bike_type_ffnn_stage1_s42_signal_compact_pca6_tanh_h8x4_a1,stage1,G02,G02_MTB_P3,P3,training_pool,MTB,MTB,0.5751500877083078,9,0.22590659813084424,0.19894331416084798,0.5751500877083078,True
leave_one_group_out_cv,G02,bike_type_ffnn_stage1_s42_signal_compact_pca6_tanh_h8x4_a1,stage1,G02,G02_MTB_P4,P4,training_pool,MTB,MTB,0.6105216699595096,10,0.33433501687126393,0.05514331316922651,0.6105216699595096,True
leave_one_group_out_cv,G03,bike_type_ffnn_stage1_s42_signal_compact_pca6_tanh_h8x4_a1,stage1,G03,G03_FAT_P1,P1,training_pool,FAT,FAT,0.6311495627492623,16,0.6311495627492623,0.1366166418519275,0.2322337953988102,True
leave_one_group_out_cv,G03,bike_type_ffnn_stage1_s42_signal_compact_pca6_tanh_h8x4_a1,stage1,G03,G03_FAT_P2,P2,training_pool,FAT,FAT,0.6012358965987791,14,0.6012358965987791,0.3685270605416146,0.03023704285960634,True
leave_one_group_out_cv,G03,bike_type_ffnn_stage1_s42_signal_compact_pca6_tanh_h8x4_a1,stage1,G03,G03_FAT_P3,P3,training_pool,FAT,FAT,0.5957249339717865,11,0.5957249339717865,0.23584041113086168,0.1684346548973519,True
leave_one_group_out_cv,G03,bike_type_ffnn_stage1_s42_signal_compact_pca6_tanh_h8x4_a1,stage1,G03,G03_FAT_P4,P4,training_pool,FAT,FAT,0.6535993197129987,12,0.6535993197129987,0.1609913346713819,0.18540934561561936,True
leave_one_group_out_cv,G03,bike_type_ffnn_stage1_s42_signal_compact_pca6_tanh_h8x4_a1,stage1,G03,G03_ISY_P1,P1,training_pool,ISY,FAT,0.6214933252677466,15,0.6214933252677466,0.33978644039552097,0.0387202343367326,False
leave_one_group_out_cv,G03,bike_type_ffnn_stage1_s42_signal_compact_pca6_tanh_h8x4_a1,stage1,G03,G03_ISY_P2,P2,training_pool,ISY,FAT,0.43613621893432164,15,0.43613621893432164,0.40398647138505833,0.15987730968062006,False
leave_one_group_out_cv,G03,bike_type_ffnn_stage1_s42_signal_compact_pca6_tanh_h8x4_a1,stage1,G03,G03_ISY_P3,P3,training_pool,ISY,ISY,0.8645743736311072,10,0.10129723594090692,0.8645743736311072,0.034128390427985954,True
leave_one_group_out_cv,G03,bike_type_ffnn_stage1_s42_signal_compact_pca6_tanh_h8x4_a1,stage1,G03,G03_ISY_P4,P4,training_pool,ISY,ISY,0.7743570035792946,10,0.20552901000264678,0.7743570035792946,0.020113986418058685,True
leave_one_group_out_cv,G03,bike_type_ffnn_stage1_s42_signal_compact_pca6_tanh_h8x4_a1,stage1,G03,G03_MTB_P1,P1,training_pool,MTB,MTB,0.5714272927698772,14,0.2557642919336301,0.17280841529649282,0.5714272927698772,True
leave_one_group_out_cv,G03,bike_type_ffnn_stage1_s42_signal_compact_pca6_tanh_h8x4_a1,stage1,G03,G03_MTB_P2,P2,training_pool,MTB,MTB,0.4757834376111219,13,0.4261344394941059,0.09808212289477215,0.4757834376111219,True
leave_one_group_out_cv,G03,bike_type_ffnn_stage1_s42_signal_compact_pca6_tanh_h8x4_a1,stage1,G03,G03_MTB_P3,P3,training_pool,MTB,MTB,0.6866506096276572,8,0.2093758141059105,0.10397357626643224,0.6866506096276572,True
leave_one_group_out_cv,G03,bike_type_ffnn_stage1_s42_signal_compact_pca6_tanh_h8x4_a1,stage1,G03,G03_MTB_P4,P4,training_pool,MTB,MTB,0.48593518710129135,11,0.40748339163765446,0.10658142126105404,0.48593518710129135,True
leave_one_group_out_cv,G04,bike_type_ffnn_stage1_s42_signal_compact_pca6_tanh_h8x4_a1,stage1,G04,G04_FAT_P1,P1,training_pool,FAT,ISY,0.5656073761940411,13,0.32723047037941233,0.5656073761940411,0.10716215342654659,False
leave_one_group_out_cv,G04,bike_type_ffnn_stage1_s42_signal_compact_pca6_tanh_h8x4_a1,stage1,G04,G04_FAT_P2,P2,training_pool,FAT,FAT,0.5214171172914979,13,0.5214171172914979,0.23204650210911976,0.24653638059938235,True
leave_one_group_out_cv,G04,bike_type_ffnn_stage1_s42_signal_compact_pca6_tanh_h8x4_a1,stage1,G04,G04_FAT_P3,P3,training_pool,FAT,MTB,0.49171061398044186,12,0.32035825149693514,0.18793113452262314,0.49171061398044186,False
leave_one_group_out_cv,G04,bike_type_ffnn_stage1_s42_signal_compact_pca6_tanh_h8x4_a1,stage1,G04,G04_FAT_P4,P4,training_pool,FAT,FAT,0.560858994246148,14,0.560858994246148,0.3756267640446887,0.06351424170916321,True
leave_one_group_out_cv,G04,bike_type_ffnn_stage1_s42_signal_compact_pca6_tanh_h8x4_a1,stage1,G04,G04_ISY_P1,P1,training_pool,ISY,ISY,0.6737183718132009,14,0.31505287548602123,0.6737183718132009,0.01122875270077776,True
leave_one_group_out_cv,G04,bike_type_ffnn_stage1_s42_signal_compact_pca6_tanh_h8x4_a1,stage1,G04,G04_ISY_P2,P2,training_pool,ISY,ISY,0.7779089427898896,13,0.0991050972424099,0.7779089427898896,0.12298595996770036,True
leave_one_group_out_cv,G04,bike_type_ffnn_stage1_s42_signal_compact_pca6_tanh_h8x4_a1,stage1,G04,G04_ISY_P3,P3,training_pool,ISY,ISY,0.4393270501403945,12,0.16923305017352072,0.4393270501403945,0.3914398996860848,True
leave_one_group_out_cv,G04,bike_type_ffnn_stage1_s42_signal_compact_pca6_tanh_h8x4_a1,stage1,G04,G04_ISY_P4,P4,training_pool,ISY,ISY,0.7547327130307373,11,0.21082888016263193,0.7547327130307373,0.03443840680663069,True
leave_one_group_out_cv,G04,bike_type_ffnn_stage1_s42_signal_compact_pca6_tanh_h8x4_a1,stage1,G04,G04_MTB_P1,P1,training_pool,MTB,MTB,0.8979620609609662,12,0.07278166191296462,0.029256277126069225,0.8979620609609662,True
leave_one_group_out_cv,G04,bike_type_ffnn_stage1_s42_signal_compact_pca6_tanh_h8x4_a1,stage1,G04,G04_MTB_P2,P2,training_pool,MTB,MTB,0.7059463352820138,13,0.22483316475203716,0.06922049996594894,0.7059463352820138,True
leave_one_group_out_cv,G04,bike_type_ffnn_stage1_s42_signal_compact_pca6_tanh_h8x4_a1,stage1,G04,G04_MTB_P3,P3,training_pool,MTB,MTB,0.7725188297829316,11,0.14318494463140613,0.08429622558566215,0.7725188297829316,True
leave_one_group_out_cv,G04,bike_type_ffnn_stage1_s42_signal_compact_pca6_tanh_h8x4_a1,stage1,G04,G04_MTB_P4,P4,training_pool,MTB,MTB,0.8420177174191035,12,0.09332072849260177,0.06466155408829471,0.8420177174191035,True
leave_one_group_out_cv,G05,bike_type_ffnn_stage1_s42_signal_compact_pca6_tanh_h8x4_a1,stage1,G05,G05_FAT_P1,P1,training_pool,FAT,FAT,0.5253970128944462,10,0.5253970128944462,0.3930402248412336,0.08156276226432033,True
leave_one_group_out_cv,G05,bike_type_ffnn_stage1_s42_signal_compact_pca6_tanh_h8x4_a1,stage1,G05,G05_FAT_P2,P2,training_pool,FAT,MTB,0.457508439244337,13,0.3457724384820456,0.19671912227361743,0.457508439244337,False
leave_one_group_out_cv,G05,bike_type_ffnn_stage1_s42_signal_compact_pca6_tanh_h8x4_a1,stage1,G05,G05_FAT_P3,P3,training_pool,FAT,FAT,0.6824295596406728,12,0.6824295596406728,0.26881157236737513,0.048758867991952226,True
leave_one_group_out_cv,G05,bike_type_ffnn_stage1_s42_signal_compact_pca6_tanh_h8x4_a1,stage1,G05,G05_FAT_P4,P4,training_pool,FAT,FAT,0.5921147633364163,12,0.5921147633364163,0.09872346948443468,0.30916176717914895,True
leave_one_group_out_cv,G05,bike_type_ffnn_stage1_s42_signal_compact_pca6_tanh_h8x4_a1,stage1,G05,G05_ISY_P1,P1,training_pool,ISY,ISY,0.5869535075180129,14,0.34679008754521246,0.5869535075180129,0.0662564049367747,True
leave_one_group_out_cv,G05,bike_type_ffnn_stage1_s42_signal_compact_pca6_tanh_h8x4_a1,stage1,G05,G05_ISY_P2,P2,training_pool,ISY,ISY,0.7865059460841282,13,0.1370449744161838,0.7865059460841282,0.07644907949968806,True
leave_one_group_out_cv,G05,bike_type_ffnn_stage1_s42_signal_compact_pca6_tanh_h8x4_a1,stage1,G05,G05_ISY_P3,P3,training_pool,ISY,ISY,0.7066833740265935,12,0.18957332027903043,0.7066833740265935,0.1037433056943761,True
leave_one_group_out_cv,G05,bike_type_ffnn_stage1_s42_signal_compact_pca6_tanh_h8x4_a1,stage1,G05,G05_ISY_P4,P4,training_pool,ISY,ISY,0.5966810030812613,9,0.33453884693946395,0.5966810030812613,0.06878014997927472,True
leave_one_group_out_cv,G05,bike_type_ffnn_stage1_s42_signal_compact_pca6_tanh_h8x4_a1,stage1,G05,G05_MTB_P1,P1,training_pool,MTB,MTB,0.7906994977881627,12,0.17172820873116587,0.03757229348067134,0.7906994977881627,True
leave_one_group_out_cv,G05,bike_type_ffnn_stage1_s42_signal_compact_pca6_tanh_h8x4_a1,stage1,G05,G05_MTB_P2,P2,training_pool,MTB,MTB,0.5210594611837589,12,0.42906792304514624,0.04987261577109498,0.5210594611837589,True
leave_one_group_out_cv,G05,bike_type_ffnn_stage1_s42_signal_compact_pca6_tanh_h8x4_a1,stage1,G05,G05_MTB_P3,P3,training_pool,MTB,MTB,0.8395312289560307,10,0.07856150846870982,0.08190726257525945,0.8395312289560307,True
leave_one_group_out_cv,G05,bike_type_ffnn_stage1_s42_signal_compact_pca6_tanh_h8x4_a1,stage1,G05,G05_MTB_P4,P4,training_pool,MTB,MTB,0.7785990613064739,11,0.17792015623583887,0.043480782457687196,0.7785990613064739,True
leave_one_group_out_cv,G06,bike_type_ffnn_stage1_s42_signal_compact_pca6_tanh_h8x4_a1,stage1,G06,G06_FAT_P1,P1,training_pool,FAT,ISY,0.5382276367629064,15,0.4231711645883311,0.5382276367629064,0.03860119864876253,False
leave_one_group_out_cv,G06,bike_type_ffnn_stage1_s42_signal_compact_pca6_tanh_h8x4_a1,stage1,G06,G06_FAT_P2,P2,training_pool,FAT,FAT,0.53193252468344,15,0.53193252468344,0.24212538099016062,0.2259420943263993,True
leave_one_group_out_cv,G06,bike_type_ffnn_stage1_s42_signal_compact_pca6_tanh_h8x4_a1,stage1,G06,G06_FAT_P3,P3,training_pool,FAT,FAT,0.48159082980554263,13,0.48159082980554263,0.20185738669386372,0.31655178350059365,True
leave_one_group_out_cv,G06,bike_type_ffnn_stage1_s42_signal_compact_pca6_tanh_h8x4_a1,stage1,G06,G06_FAT_P4,P4,training_pool,FAT,FAT,0.3513567224398321,12,0.3513567224398321,0.313702010265463,0.3349412672947049,True
leave_one_group_out_cv,G06,bike_type_ffnn_stage1_s42_signal_compact_pca6_tanh_h8x4_a1,stage1,G06,G06_ISY_P1,P1,training_pool,ISY,ISY,0.6088802600309005,15,0.36983048687462544,0.6088802600309005,0.021289253094474145,True
leave_one_group_out_cv,G06,bike_type_ffnn_stage1_s42_signal_compact_pca6_tanh_h8x4_a1,stage1,G06,G06_ISY_P2,P2,training_pool,ISY,ISY,0.4534776598453082,15,0.22290882927169545,0.4534776598453082,0.3236135108829963,True
leave_one_group_out_cv,G06,bike_type_ffnn_stage1_s42_signal_compact_pca6_tanh_h8x4_a1,stage1,G06,G06_ISY_P3,P3,training_pool,ISY,ISY,0.7891944588749776,12,0.17166475340114898,0.7891944588749776,0.039140787723873506,True
leave_one_group_out_cv,G06,bike_type_ffnn_stage1_s42_signal_compact_pca6_tanh_h8x4_a1,stage1,G06,G06_ISY_P4,P4,training_pool,ISY,ISY,0.584093343956729,11,0.31146019076817566,0.584093343956729,0.10444646527509538,True
leave_one_group_out_cv,G06,bike_type_ffnn_stage1_s42_signal_compact_pca6_tanh_h8x4_a1,stage1,G06,G06_MTB_P1,P1,training_pool,MTB,MTB,0.8435387817478253,10,0.13228746925682638,0.024173748995348375,0.8435387817478253,True
leave_one_group_out_cv,G06,bike_type_ffnn_stage1_s42_signal_compact_pca6_tanh_h8x4_a1,stage1,G06,G06_MTB_P2,P2,training_pool,MTB,MTB,0.5904608195417618,13,0.15043189528746945,0.2591072851707687,0.5904608195417618,True
leave_one_group_out_cv,G06,bike_type_ffnn_stage1_s42_signal_compact_pca6_tanh_h8x4_a1,stage1,G06,G06_MTB_P3,P3,training_pool,MTB,MTB,0.8842142605700599,11,0.07257688985370289,0.043208849576237135,0.8842142605700599,True
leave_one_group_out_cv,G06,bike_type_ffnn_stage1_s42_signal_compact_pca6_tanh_h8x4_a1,stage1,G06,G06_MTB_P4,P4,training_pool,MTB,MTB,0.8005359032521918,10,0.08567227819287657,0.11379181855493174,0.8005359032521918,True
leave_one_group_out_cv,G01,bike_type_ffnn_stage1_s42_signal_compact_pca6_tanh_h12x6_a1,stage1,G01,G01_FAT_P1,P1,training_pool,FAT,FAT,0.5609297225288793,14,0.5609297225288793,0.39072425144534145,0.04834602602577931,True
leave_one_group_out_cv,G01,bike_type_ffnn_stage1_s42_signal_compact_pca6_tanh_h12x6_a1,stage1,G01,G01_FAT_P2,P2,training_pool,FAT,FAT,0.4458821412888395,14,0.4458821412888395,0.42009076727812655,0.13402709143303398,True
leave_one_group_out_cv,G01,bike_type_ffnn_stage1_s42_signal_compact_pca6_tanh_h12x6_a1,stage1,G01,G01_FAT_P3,P3,training_pool,FAT,FAT,0.594071845669531,11,0.594071845669531,0.0382522169159166,0.36767593741455257,True
leave_one_group_out_cv,G01,bike_type_ffnn_stage1_s42_signal_compact_pca6_tanh_h12x6_a1,stage1,G01,G01_FAT_P4,P4,training_pool,FAT,FAT,0.5558094356106725,12,0.5558094356106725,0.25424420836843664,0.18994635602089083,True
leave_one_group_out_cv,G01,bike_type_ffnn_stage1_s42_signal_compact_pca6_tanh_h12x6_a1,stage1,G01,G01_ISY_P1,P1,training_pool,ISY,ISY,0.770762308632404,16,0.20251132847825176,0.770762308632404,0.026726362889344296,True
leave_one_group_out_cv,G01,bike_type_ffnn_stage1_s42_signal_compact_pca6_tanh_h12x6_a1,stage1,G01,G01_ISY_P2,P2,training_pool,ISY,ISY,0.5725287422684643,14,0.22907934119624823,0.5725287422684643,0.1983919165352875,True
leave_one_group_out_cv,G01,bike_type_ffnn_stage1_s42_signal_compact_pca6_tanh_h12x6_a1,stage1,G01,G01_ISY_P3,P3,training_pool,ISY,ISY,0.5404671083016729,12,0.23474786696766137,0.5404671083016729,0.22478502473066567,True
leave_one_group_out_cv,G01,bike_type_ffnn_stage1_s42_signal_compact_pca6_tanh_h12x6_a1,stage1,G01,G01_ISY_P4,P4,training_pool,ISY,ISY,0.7200980274185963,11,0.26729147211500875,0.7200980274185963,0.012610500466394954,True
leave_one_group_out_cv,G01,bike_type_ffnn_stage1_s42_signal_compact_pca6_tanh_h12x6_a1,stage1,G01,G01_MTB_P1,P1,training_pool,MTB,MTB,0.593915494995606,14,0.2512298750379443,0.1548546299664498,0.593915494995606,True
leave_one_group_out_cv,G01,bike_type_ffnn_stage1_s42_signal_compact_pca6_tanh_h12x6_a1,stage1,G01,G01_MTB_P2,P2,training_pool,MTB,MTB,0.5643182876772946,13,0.27336838044760453,0.16231333187510089,0.5643182876772946,True
leave_one_group_out_cv,G01,bike_type_ffnn_stage1_s42_signal_compact_pca6_tanh_h12x6_a1,stage1,G01,G01_MTB_P3,P3,training_pool,MTB,MTB,0.8503489466523303,12,0.08762251544528464,0.06202853790238491,0.8503489466523303,True
leave_one_group_out_cv,G01,bike_type_ffnn_stage1_s42_signal_compact_pca6_tanh_h12x6_a1,stage1,G01,G01_MTB_P4,P4,training_pool,MTB,MTB,0.715503263160489,9,0.13715585769438385,0.14734087914512728,0.715503263160489,True
leave_one_group_out_cv,G02,bike_type_ffnn_stage1_s42_signal_compact_pca6_tanh_h12x6_a1,stage1,G02,G02_FAT_P1,P1,training_pool,FAT,FAT,0.5524660146746441,9,0.5524660146746441,0.30321227460561606,0.14432171071973976,True
leave_one_group_out_cv,G02,bike_type_ffnn_stage1_s42_signal_compact_pca6_tanh_h12x6_a1,stage1,G02,G02_FAT_P2,P2,training_pool,FAT,FAT,0.44753389849188613,11,0.44753389849188613,0.18555877259763653,0.36690732891047734,True
leave_one_group_out_cv,G02,bike_type_ffnn_stage1_s42_signal_compact_pca6_tanh_h12x6_a1,stage1,G02,G02_FAT_P3,P3,training_pool,FAT,MTB,0.46984070356540014,12,0.4465576797504253,0.0836016166841746,0.46984070356540014,False
leave_one_group_out_cv,G02,bike_type_ffnn_stage1_s42_signal_compact_pca6_tanh_h12x6_a1,stage1,G02,G02_FAT_P4,P4,training_pool,FAT,FAT,0.7628736741677238,12,0.7628736741677238,0.18745330023213122,0.04967302560014519,True
leave_one_group_out_cv,G02,bike_type_ffnn_stage1_s42_signal_compact_pca6_tanh_h12x6_a1,stage1,G02,G02_ISY_P1,P1,training_pool,ISY,FAT,0.5499427033905474,13,0.5499427033905474,0.42515097249193484,0.02490632411751774,False
leave_one_group_out_cv,G02,bike_type_ffnn_stage1_s42_signal_compact_pca6_tanh_h12x6_a1,stage1,G02,G02_ISY_P2,P2,training_pool,ISY,ISY,0.8069257935559309,12,0.1009511373729126,0.8069257935559309,0.09212306907115657,True
leave_one_group_out_cv,G02,bike_type_ffnn_stage1_s42_signal_compact_pca6_tanh_h12x6_a1,stage1,G02,G02_ISY_P3,P3,training_pool,ISY,ISY,0.652829752614816,10,0.12897324790784223,0.652829752614816,0.21819699947734175,True
leave_one_group_out_cv,G02,bike_type_ffnn_stage1_s42_signal_compact_pca6_tanh_h12x6_a1,stage1,G02,G02_ISY_P4,P4,training_pool,ISY,ISY,0.7550131741552311,11,0.2152011569692234,0.7550131741552311,0.029785668875545533,True
leave_one_group_out_cv,G02,bike_type_ffnn_stage1_s42_signal_compact_pca6_tanh_h12x6_a1,stage1,G02,G02_MTB_P1,P1,training_pool,MTB,MTB,0.9745608758468152,10,0.00654283931709861,0.018896284836086234,0.9745608758468152,True
leave_one_group_out_cv,G02,bike_type_ffnn_stage1_s42_signal_compact_pca6_tanh_h12x6_a1,stage1,G02,G02_MTB_P2,P2,training_pool,MTB,MTB,0.7203119922694252,11,0.13146835382815794,0.14821965390241687,0.7203119922694252,True
leave_one_group_out_cv,G02,bike_type_ffnn_stage1_s42_signal_compact_pca6_tanh_h12x6_a1,stage1,G02,G02_MTB_P3,P3,training_pool,MTB,MTB,0.5333830814882248,9,0.2499738233111915,0.2166430952005837,0.5333830814882248,True
leave_one_group_out_cv,G02,bike_type_ffnn_stage1_s42_signal_compact_pca6_tanh_h12x6_a1,stage1,G02,G02_MTB_P4,P4,training_pool,MTB,MTB,0.7114629118807833,10,0.16645719610978732,0.1220798920094293,0.7114629118807833,True
leave_one_group_out_cv,G03,bike_type_ffnn_stage1_s42_signal_compact_pca6_tanh_h12x6_a1,stage1,G03,G03_FAT_P1,P1,training_pool,FAT,FAT,0.7329596504865622,16,0.7329596504865622,0.09713014596045319,0.16991020355298458,True
leave_one_group_out_cv,G03,bike_type_ffnn_stage1_s42_signal_compact_pca6_tanh_h12x6_a1,stage1,G03,G03_FAT_P2,P2,training_pool,FAT,FAT,0.7139841817056461,14,0.7139841817056461,0.2755462063214513,0.010469611972902576,True
leave_one_group_out_cv,G03,bike_type_ffnn_stage1_s42_signal_compact_pca6_tanh_h12x6_a1,stage1,G03,G03_FAT_P3,P3,training_pool,FAT,FAT,0.7672191207991077,11,0.7672191207991077,0.1539293277015825,0.07885155149930975,True
leave_one_group_out_cv,G03,bike_type_ffnn_stage1_s42_signal_compact_pca6_tanh_h12x6_a1,stage1,G03,G03_FAT_P4,P4,training_pool,FAT,FAT,0.7110915755567807,12,0.7110915755567807,0.11444802426667978,0.17446040017653944,True
leave_one_group_out_cv,G03,bike_type_ffnn_stage1_s42_signal_compact_pca6_tanh_h12x6_a1,stage1,G03,G03_ISY_P1,P1,training_pool,ISY,FAT,0.4830981682591073,15,0.4830981682591073,0.48097445701611435,0.03592737472477823,False
leave_one_group_out_cv,G03,bike_type_ffnn_stage1_s42_signal_compact_pca6_tanh_h12x6_a1,stage1,G03,G03_ISY_P2,P2,training_pool,ISY,ISY,0.497508032087097,15,0.33953183596073605,0.497508032087097,0.162960131952167,True
leave_one_group_out_cv,G03,bike_type_ffnn_stage1_s42_signal_compact_pca6_tanh_h12x6_a1,stage1,G03,G03_ISY_P3,P3,training_pool,ISY,ISY,0.8598405281395933,10,0.11317496404209189,0.8598405281395933,0.026984507818314817,True
leave_one_group_out_cv,G03,bike_type_ffnn_stage1_s42_signal_compact_pca6_tanh_h12x6_a1,stage1,G03,G03_ISY_P4,P4,training_pool,ISY,ISY,0.74774279208944,10,0.23766981850393237,0.74774279208944,0.014587389406627713,True
leave_one_group_out_cv,G03,bike_type_ffnn_stage1_s42_signal_compact_pca6_tanh_h12x6_a1,stage1,G03,G03_MTB_P1,P1,training_pool,MTB,MTB,0.5707376971933327,14,0.2328687436310768,0.1963935591755906,0.5707376971933327,True
leave_one_group_out_cv,G03,bike_type_ffnn_stage1_s42_signal_compact_pca6_tanh_h12x6_a1,stage1,G03,G03_MTB_P2,P2,training_pool,MTB,FAT,0.4375287923006696,13,0.4375287923006696,0.14852439250621405,0.4139468151931163,False
leave_one_group_out_cv,G03,bike_type_ffnn_stage1_s42_signal_compact_pca6_tanh_h12x6_a1,stage1,G03,G03_MTB_P3,P3,training_pool,MTB,MTB,0.6883695478340166,8,0.2601085394800338,0.05152191268594952,0.6883695478340166,True
leave_one_group_out_cv,G03,bike_type_ffnn_stage1_s42_signal_compact_pca6_tanh_h12x6_a1,stage1,G03,G03_MTB_P4,P4,training_pool,MTB,FAT,0.5031601836125019,11,0.5031601836125019,0.08738674528668634,0.40945307110081175,False
leave_one_group_out_cv,G04,bike_type_ffnn_stage1_s42_signal_compact_pca6_tanh_h12x6_a1,stage1,G04,G04_FAT_P1,P1,training_pool,FAT,ISY,0.6191845060420109,13,0.30444471505572906,0.6191845060420109,0.07637077890225999,False
leave_one_group_out_cv,G04,bike_type_ffnn_stage1_s42_signal_compact_pca6_tanh_h12x6_a1,stage1,G04,G04_FAT_P2,P2,training_pool,FAT,FAT,0.6396984613912907,13,0.6396984613912907,0.24368001599071457,0.11662152261799483,True
